1101
1102
1103
1104
1108
1109
1110
1201
1203
1210
1213
1215
1216
1217
1218
1219
1220
1225
1227
1229
1231
1232
1233
1234
1235
1236
1256
1262
1301
1303
1304
1305
1307
1308
1309
1310
1312
1313
1314
1315
1316
1319
1321
1323
1324
1325
1326
1337
1338
1339
1340
1402
1409
1410
1413
1414
1416
1417
1418
1419
1423
1432
1434
1435
1436
1437
1438
1439
1440
1441
1442
1443
1444
1445
1446
1447
1449
1451
1452
1453
1454
1455
1456
1457
1459
1460
1463
1464
1465
1466
1467
1468
1469
1470
1471
1472
1473
1474
1475
1476
1477
1503
1504
1506
1507
1512
1513
1514
1515
1516
1517
1519
1521
1522
1524
1525
1526
1527
1528
1529
1530
1531
1532
1533
1535
1536
1537
1538
1539
1540
1541
1558
1560
1568
1582
1583
1589
1590
1592
1598
1603
1604
1605
1608
1609
1611
1612
1613
1614
1615
1616
1617
1618
1626
1701
1702
1704
1707
1708
1709
1710
1711
1712
1713
1714
1715
1717
1718
1720
1721
1722
1723
1724
1725
1726
1727
1729
1730
1731
1732
1733
1734
1735
1736
1737
1762
1773
1776
1783
1786
1789
1802
1805
1806
1808
1809
1810
1817
1902
1903
1904
1905
1906
1907
1909
2002
2006
2007
2008
2009
2010
2012
2013
2014
2015
2017
2020
2022
2023
2024
2025
2027
2028
2029
2030
2031
2032
2033
2034
2038
2049
2059
2062
2069
2101
2102
2103
2104
2105
2106
2107
2108
2109
2114
2115
2201
2204
2206
2207
2208
2227
2228
2231
2236
2239
2301
2302
2303
2305
2308
2311
2312
2313
2314
2316
2317
2321
2323
2324
2325
2327
2328
2329
2330
2331
2332
2337
2338
2340
2342
2344
2345
2347
2348
2349
2351
2352
2353
2354
2355
2356
2357
2358
2359
2360
2362
2363
2364
2365
2367
2368
2369
2371
2373
2374
2375
2376
2377
2379
2380
2382
2383
2385
2387
2388
2390
2392
2393
2395
2397
2399
2401
2402
2404
2405
2406
2408
2409
2412
2413
2414
2415
2417
2419
2420
2421
2423
2424
2425
2426
2427
2428
2429
2430
2431
2433
2434
2436
2438
2439
2440
2441
2442
2443
2444
2448
2449
2450
2451
2453
2454
2455
2456
2457
2458
2459
2460
2461
2462
2464
2465
2466
2467
2468
2471
2472
2474
2475
2476
2477
2478
2480
2481
2482
2483
2484
2485
2486
2488
2489
2491
2492
2493
2495
2496
2497
2498
2499
2501
2504
2505
2506
2509
2511
2514
2515
2516
2520
2524
2527
2528
2530
2534
2535
2536
2537
2538
2539
2540
2542
2543
2545
2546
2547
2548
2597
2601
2603
2605
2606
2607
2608
2609
2610
2611
2612
2613
2614
2615
2616
2617
2618
2633
2634
2636
2637
2642
2701
2702
2704
2705
2706
2707
2712
2722
2723
2727
2731
2739
2748
2801
2809
2812
2816
2820
2823
2832
2834
2836
2838
2841
2845
2849
2850
2851
2852
2855
2856
2867
2880
2881
2882
2883
2884
2885
2886
2887
2888
2889
2890
2891
2892
2897
2901
2903
2904
2905
2906
2908
2910
2911
2912
2913
2915
2923
2929
2936
3002
3003
3004
3005
3006
3008
3010
3011
3013
3014
3015
3016
3017
3018
3019
3021
3022
3023
3024
3025
3026
3027
3028
3029
3030
3031
3032
3033
3034
3035
3036
3037
3038
3040
3041
3042
3043
3044
3045
3046
3047
3048
3049
3050
3051
3052
3054
3055
3056
3057
3058
3059
3060
3062
3090
3094
3130
3149
3164
3167
3189
3209
3229
3231
3257
3266
3296
3305
3308
3311
3312
3315
3321
3338
3346
3356
3376
3380
3383
3406
3413
3416
3419
3432
3437
3443
3450
3454
3481
3494
3501
3504
3514
3515
3518
3519
3528
3532
3533
3535
3536
3545
3550
3557
3559
3561
3576
3579
3583
3588
3591
3593
3596
3605
3607
3617
3622
3645
3653
3661
3665
3669
3673
3679
3682
3686
3694
3698
3701
3702
3703
3704
3705
3706
3708
4104
4106
4108
4119
4133
4137
4141
4142
4144
4148 
4164
4190
4306
4414
4426
4438
4526
4532
4536
4545
4551
4552
4555
4557
4560
4720
4722
4725
4737
4746
4755
4763
4807
4904
4906
4912
4915
4916
4919
4927
4930
4934
4935
4938
4942
4943
4952
4956
4958
4960
4968
4976
4977
4984
4994
4999
5007
5203
5215
5225
5234
5243
5258
5259
5264
5269
5284
5285
5288
5305
5388
5434
5469
5471
5484
5515
5519
5521
5522
5525
5531
5533
5534
5538
5607
5608
5706
5871
5880
5906
5907
6005
6108
6112
6115
6116
6117
6120
6128
6131
6133
6136
6139
6141
6142
6145
6152
6153
6155
6164
6165
6166
6168
6172
6176
6177
6183
6184
6189
6191
6192
6196
6197
6201
6202
6205
6206
6209
6213
6214
6215
6216
6224
6225
6226
6230
6235
6239
6243
6251
6257
6269
6271
6277
6278
6281
6282
6283
6285
6289
6405
6409
6412
6414
6415
6422
6431
6442
6443
6449
6451
6452
6456
6464
6477
6504
6505
6525
6531
6533
6552
6582
6605
8011
8016
8021
8033
8039
8046
8070
8072
8081
8101
8103
8105
8110
8112
8114
8131
8150
8163
8201
8210
8213
8215
8222
8249
8261
8271
8341
8374
8404
8411
8422
8427
8429
8442
8443
8454
8463
8464
8466
8467
8473
8480
8481
8488
8926
8940
8996
9802
9902
9904
9905
9906
9907
9908
9910
9911
9912
9914
9917
9918
9919
9921
9924
9925
9926
9927
9928
9929
9930
9931
9933
9934
9935
9937
9938
9939
9940
9941
9942
9943
9944
9945
9946
9955
9958
*
03001P
03001X
03002P
03003P
03003X
03004P
03004X
03005P
03005X
03006P
03006X
03007P
03007X
03008P
03009P
03009X
03010P
03010X
03011P
03012P
03012X
03013P
03013X
03014P
03014X
03015P
03015X
03016P
03016X
03017P
03017X
03018P
03018X
03019P
03019X
03020P
03020X
03021P
03021X
03022P
03022X
03023P
03023X
03024P
03024X
03025P
03025X
03026P
03026X
03027P
03027X
03028P
03028X
03029P
03029X
03030P
03031P
03031X
03032P
03032X
03033P
03033X
03034P
03035P
03035X
03036P
03037P
03038P
03038X
03039P
03039X
03040P
03040X
03041P
03041X
03042P
03042X
03043P
03043X
03044P
03044X
03045P
03046P
03046X
03047P
03047X
03048P
03048X
03049P
03049X
03050P
03050X
03051P
03051X
03052P
03052X
03053P
03053X
03054P
03054X
03055P
03055X
03056P
03057P
03058P
03058X
03059P
03059X
03060P
03060X
03061P
03061X
03062P
03063P
03063X
03064P
03064X
03065P
03065X
03066P
03066X
03067P
03068P
03068X
03069P
03069X
03070P
03071P
03071X
03072P
03072X
03073P
03073X
03074P
03074X
03075P
03075X
03076P
03076X
03077P
03077X
03078P
03078X
03079P
03080P
03080X
03081P
03081X
03082P
03082X
03083P
03083X
03084P
03085P
03085X
03086P
03086X
03087P
03087X
03088P
03088X
03089P
03089X
03090P
03090X
03091P
03091X
03092P
03092X
03093P
03093X
03094P
03094X
03095P
03095X
03096P
03096X
03097P
03098P
03099P
03100P
03101P
03102P
03103P
03104P
03105P
03106P
03107P
03108P
03109P
03110P
03111P
03112P
03113P
03114P
03115P
03116P
03117P
03118P
03119P
03120P
03121P
03122P
03123P
03124P
03125P
03126P
03127P
03128P
03129P
03130P
03131P
03132P
03133P
03134P
03135P
03136P
03137P
03138P
03139P
03140P
03141P
03142P
03143P
03144P
03145P
03146P
03147P
03148P
03149P
03150P
03151P
03152P
03153P
03154P
03155P
03156P
03157P
03158P
03159P
03160P
03161P
03162P
03163P
03164P
03165P
03166P
03167P
03168P
03169P
03170P
03171P
03172P
03173P
03174P
03175P
03176P
03177P
03178P
03179P
03180P
03181P
03182P
03183P
03184P
03185P
03186P
03187P
03188P
03189P
03190P
03191P
03192P
03193P
03194P
03195P
03196P
03197P
03198P
03199P
03200P
03201P
03202P
03203P
03204P
03205P
03206P
03207P
03208P
03209P
03210P
03211P
03212P
03213P
03214P
03215P
03216P
03217P
03218P
03219P
03220P
03221P
03222P
03223P
03224P
03225P
03226P
03227P
03228P
03229P
03230P
03231P
03232P
03233P
03234P
03235P
03236P
03237P
03238P
03239P
03240P
03241P
03242P
03243P
03244P
03245P
03246P
03247P
03248P
03249P
03250P
03251P
03252P
03253P
03254P
03255P
03256P
03257P
03258P
03259P
03260P
03261P
03262P
03263P
03264P
03265P
03266P
03267P
03268P
03269P
03270B
03270P
03271P
03272P
03273P
03274P
03275B
03275P
03276P
03277P
03278P
03279P
03280P
03281P
03282P
03283P
03284P
03285P
03286P
03287B
03287P
03288P
03289B
03289P
03290B
03290P
03291B
03291P
03292B
03292P
03293B
03293P
03294B
03294P
03295B
03295P
03296B
03296P
03297B
03297P
03298B
03298P
03299B
03299P
03300B
03300P
03301B
03301P
03302B
03302P
03303B
03303P
03304B
03304P
03305B
03305P
03306B
03306P
03307B
03307P
03308B
03308P
03309B
03309P
03310B
03310P
03311B
03311P
03312B
03312P
03313B
03313P
03314B
03314P
03315B
03315P
03316B
03316P
03317B
03317P
03318B
03318P
03319B
03319P
03320B
03320P
03321B
03321P
03322P
03323P
03324P
03325P
03326P
03327P
03328P
03329P
03330P
03331P
03332P
03333P
03334P
03335P
03336P
03337P
03338P
03339P
03340P
03341P
03342P
03343P
03344P
03345P
03346P
03347P
03348P
03349P
03350P
03351P
03352P
03353P
03354P
03355P
03356P
03357P
03358P
03359P
03360P
03361P
03362P
03363P
03364P
03365P
03366P
03367P
03368P
03369P
03370P
03371P
03372P
03373P
03374P
03375P
03376P
03377P
03378P
03379P
03380P
03381P
03382P
03383P
03384P
03385P
03386P
03387P
03388P
03389P
03390P
03391P
03392P
03393P
03394P
03395P
03396P
03397P
03398P
03399P
03400P
03401P
03402P
03403P
03404P
03405P
03406P
03407P
03408P
03409P
03410P
03411P
03412P
03413P
03414P
03415P
03416P
03417P
03418P
03419P
03420P
03421P
03422P
03423P
03424P
03425P
03426P
03427P
03428P
03429P
03430P
03431P
03432P
03433P
03434P
03435P
03436P
03437P
03438P
03439P
03440P
03441P
03442P
03443C
03443P
03444C
03444P
03445C
03445P
03446P
03447P
03448P
03449C
03449P
03450C
03450P
03451C
03451P
03452P
03453P
03454P
03455P
03456P
03457P
03458P
03459P
03460P
03461C
03461P
03462P
03463P
03464C
03464P
03465C
03465P
03466P
03467C
03467P
03468P
03469P
03470C
03470P
03471C
03471P
03472C
03472P
03473C
03473P
03474C
03474P
03475P
03476C
03476P
03477C
03477P
03478C
03478P
03479C
03479P
03480C
03480P
03481C
03481P
03482C
03482P
03483P
03484C
03484P
03485P
03486C
03486P
03487C
03487P
03488C
03488P
03489C
03489P
03490C
03490P
03491C
03491P
03492C
03492P
03493C
03493P
03494P
03495C
03495P
03496C
03496P
03497C
03497P
03498C
03498P
03499C
03499P
03500C
03500P
03501C
03501P
03502C
03502P
03503C
03503P
03504C
03504P
03505C
03505P
03506C
03506P
03507C
03507P
03508C
03508P
03509C
03509P
03510C
03510P
03511C
03511P
03512C
03512P
03513C
03513P
03514C
03514P
03515C
03515P
03516C
03516P
03517C
03517P
03518P
03519P
03520P
03521P
03522P
03523P
03524P
03525P
03526P
03527P
03528P
03529P
03530P
03531P
03532P
03533P
03534P
03535P
03536P
03537P
03538P
03539P
03540P
03541P
03542P
03543P
03544P
03545P
03546P
03547P
03548P
03549P
03550P
03551P
03552P
03553P
03554P
03555P
03556P
03557P
03558P
03559P
03560P
03561P
03562P
03563P
03564P
03565P
03566P
03567P
03568P
03569P
03570P
03571P
03572P
03573P
03574P
03575P
03576P
03577P
03578P
03579P
03580P
03581P
03582P
03583P
03584P
03585P
03586P
03587P
03588P
03589P
03590P
03591P
03592P
03593P
03594P
03595P
03596P
03597P
03598P
03599P
03600P
03601P
03602P
03603P
03604P
03605P
03606P
03607P
03608P
03609P
03610P
03611P
03612P
03613P
03614P
03615P
03616P
03617P
03618P
03619P
03620P
03621P
03622P
03623P
03624P
03625P
03626P
03627P
03628P
03629P
03630P
03631P
03632P
03633P
03634P
03635P
03636P
03637P
03638P
03639P
03640P
03641P
03642P
03643P
03644P
03645P
03646P
03647P
03648P
03649P
03650P
03651P
03652P
03653P
03654P
03655P
03656P
03657P
03658P
03659P
03660P
03661P
03662P
03663P
03664P
03665P
03666P
03667P
03668P
03669P
03670P
03671P
03672P
03673P
03674P
03675P
03676P
03677P
03678P
03679P
03680P
03681P
03682P
03683P
03684P
03685P
03686P
03687P
03688P
03689P
03690P
03691P
03692P
03693P
03694P
03695P
03696P
03697P
03698P
03699P
03700P
03701P
03702P
03703P
03704P
03705P
03706P
03707P
03708P
03709P
03710P
03711P
03712P
03713P
03714P
03715P
03716P
03717P
03718P
03719P
03720P
03721P
03722P
03723P
03724P
03725P
03726P
03727P
03728P
03729P
03730P
03731P
03732P
03733P
03734P
03735P
03736P
03737P
03738P
03739P
03740P
03741P
03742P
03743P
03744P
03745P
03746P
03747P
03748P
03749P
03750P
03751P
03752P
03753P
03754P
03755P
03756P
03757P
03758P
03759P
03760P
03761P
03762P
03763P
03764P
03765P
03766P
03767P
03768P
03769P
03770P
03771P
03772P
03773P
03774P
03775P
03776P
03777P
03778P
03779P
03780P
03781P
03782P
03783P
03784P
03785P
03786P
03787P
03788P
03789P
03790P
03791P
03792P
03793P
03794P
03795P
03796P
03797P
03798P
03799P
03800P
03801P
03802P
03803P
03804P
03805P
03806P
03807P
03808P
03809P
03810P
03811P
03812P
03813P
03814P
03815P
03816P
03817P
03818P
03819P
03820P
03821P
03822P
03823P
03824P
03825P
03826P
03827P
03828P
03829P
03830P
03831P
03832P
03833P
03834P
03835P
03836P
03837P
03838P
03839P
03840P
03841P
03842P
03843P
03844P
03845P
03846P
03847P
03848P
03849P
03850P
03851P
03852P
03853P
03854P
03855P
03856P
03857P
03858P
03859P
03860P
03861P
03862P
03863P
03864P
03865P
03866P
03867P
03868P
03869P
03870P
03871P
03872P
03873P
03874P
03875P
03876P
03877P
03878P
03879P
03880P
03881P
03882P
03883P
03884P
03885P
03886P
03887P
03888P
03889P
03890P
03891P
03892P
03893P
03894P
03895P
03896P
03897P
03898P
03899P
03900P
03901P
03902P
03903P
03904P
03905P
03906P
03907P
03908P
03909P
03910P
03911P
03912P
03913P
03914P
03915P
03916P
03917P
03918P
03919P
03920P
03921P
03922P
03923P
03924P
03925P
03926P
03927P
03928P
03929P
03930P
03931P
03932P
03933P
03934P
03935P
03936P
03937P
03938P
03939P
03940P
03941P
03942P
03943P
03944P
03945P
03946P
03947P
03948P
03949P
03950P
03951P
03952P
03953P
03954P
03955P
03956P
03957P
03958P
03959P
03960P
03961P
03962P
03963P
03964P
03965P
03966P
03967P
03968P
03969P
03970P
03971P
03972P
03973P
03974P
03975P
03976P
03977P
03978P
03979P
03980P
03981P
03982P
03983P
03984P
03985P
03986P
03987P
03988P
03989P
03990P
03991P
03992P
03993P
03994P
03995P
03996P
03997P
03998P
03999P
04000P
04001P
04002P
04003P
04004P
04005P
04006P
04007P
04008P
04009P
04010P
04011P
04012P
04013P
04014P
04015P
04016P
04017P
04018P
04019P
04020P
04021P
04022P
04023P
04024P
04025P
04026P
04027P
04028P
04029P
04030P
04031P
04032P
04033P
04034P
04035P
04036P
04037P
04038P
04039P
04040P
04041P
04042P
04043P
04044P
04045P
04046P
04047P
04048P
04049P
04050P
04051P
04052P
04053P
04054P
04055P
04056P
04057P
04058P
04059P
04060P
04061P
04062P
04063P
04064P
04065P
04066P
04067P
04068P
04069P
04070P
04071P
04072P
04073P
04074P
04075P
04076P
04077P
04078P
04079P
04080P
04081P
04082P
04083P
04084P
04085P
04086P
04087P
04088P
04089P
04090P
04091P
04092P
04093P
04094P
04095P
04096P
04097P
04098P
04099P
04100P
04101P
04102P
04103P
04104P
04105P
04106P
04107P
04108P
04109P
04110P
04111P
04112P
04113P
04114P
04115P
04116P
04117P
04118P
04119P
04120P
04121P
04122P
04123P
04124P
04125P
04126P
04127P
04128P
04129P
04130P
04131P
04132P
04133P
04134P
04135P
04136P
04137P
04138P
04139P
04140P
04141P
04142P
04143P
04144P
04145P
04146P
04147P
04148P
04149P
04150P
04151P
04152P
04153P
04154P
04155P
04156P
04157P
04158P
04159P
04160P
04161P
04162P
04163P
04164P
04165P
04166P
04167P
04168P
04169P
04170P
04171P
04172P
04173P
04174P
04175P
04176P
04177P
04178P
04179P
04180P
04181P
04182P
04183P
04184P
04185P
04186P
04187P
04188P
04189P
04190P
04191P
04192P
04193P
04194P
04195P
04196P
04197P
04198P
04199P
04200P
04201P
04202P
04203P
04204P
04205P
04206P
04207P
04208P
04209P
04210P
04211P
04212P
04213P
04214P
04215P
04216P
04217P
04218P
04219P
04220P
04221P
04222P
04223P
04224P
04225P
04226P
04227P
04228P
04229P
04230P
04231P
04232P
04233P
04234P
04235P
04236P
04237P
04238P
04239P
04240P
04241P
04242P
04243P
04244P
04245P
04246P
04247P
04248P
04249P
04250P
04251P
04252P
04253P
04254P
04255P
04256P
04257P
04258P
04259P
04260P
04261P
04262P
04263P
04264P
04265P
04266P
04267P
04268P
04269P
04270P
04271P
04272P
04273P
04274P
04275P
04276P
04277P
04278P
04279P
04280P
04281P
04282P
04283P
04284P
04285P
04286P
04287P
04288P
04289P
04290P
04291P
04292P
04293P
04294P
04295P
04296P
04297P
04298P
04299P
04300P
04301P
04302P
04303P
04304P
04305P
04306P
04307P
04308P
04309P
04310P
04311P
04312P
04313P
04314P
04315P
04316P
04317P
04318P
04319P
04320P
04321P
04322P
04323P
04324P
04325P
04326P
04327P
04328P
04329P
04330P
04331P
04332P
04333P
04334P
04335P
04336P
04337P
04338P
04339P
04340P
04341P
04342P
04343P
04344P
04345P
04346P
04347P
04348P
04349P
04350P
04351P
04352P
04353P
04354P
04355P
04356P
04357P
04358P
04359P
04360P
04361P
04362P
04363P
04364P
04365P
04366P
04367P
04368P
04369P
04370P
04371P
04372P
04373P
04374P
04375P
04376P
04377P
04378P
04379P
04380P
04381P
04382P
04383P
04384P
04385P
04386P
04387P
04388P
04389P
04390P
04391P
04392P
04393P
04394P
04395P
04396P
04397P
04398P
04399P
04400P
04401P
04402P
04403P
04404P
04405P
04406P
04407P
04408P
04409P
04410P
04411P
04412P
04413P
04414P
04415P
04416P
04417P
04418P
04419P
04420P
04421P
04422P
04423P
04424P
04425P
04426P
04427P
04428P
04429P
04430P
04431P
04432P
04433P
04434P
04435P
04436P
04437P
04438P
04439P
04440P
04441P
04442P
04443P
04444P
04445P
04446P
04447P
04448P
04449P
04450P
04451P
04452P
04453P
04454P
04455P
04456P
04457P
04458P
04459P
04460P
04461P
04462P
04463P
04464P
04465P
04466P
04467P
04468P
04469P
04470P
04471P
04472P
04473P
04474P
04475P
04476P
04477P
04478P
04479P
04480P
04481P
04482P
04483P
04484P
04485P
04486P
04487P
04488P
04489P
04490P
04491P
04492P
04493P
04494P
04495P
04496P
04497P
04498P
04499P
04500P
04501P
04502P
04503P
04504P
04505P
04506P
04507P
04508P
04509P
04510P
04511P
04512P
04513P
04514P
04515P
04516P
04517P
04518P
04519P
04520P
04521P
04522P
04523P
04524P
04525P
04526P
04527P
04528P
04529P
04530P
04531P
04532P
04533P
04534P
04535P
04536P
04537P
04538P
04539P
04540P
04541P
04542P
04543P
04544P
04545P
04546P
04547P
04548P
04549P
04550P
04551P
04552P
04553P
04554P
04555P
04556P
04557P
04558P
04559P
04560P
04561P
04562P
04563P
04564P
04565P
04566P
04567P
04568P
04569P
04570P
04571P
04572P
04573P
04574P
04575P
04576P
04577P
049770
049906
049907
049908
049927
050046
050100
050137
050266
050303
050504
050505
050506
050507
050508
050556
050557
050558
050559
050560
050606
050658
050659
050660
050756
051515
051516
051517
051518
051519
051520
051523
051524
051525
051526
051527
051528
051529
051530
051537
051541
051542
051543
051544
051545
051713
051726
051913
053044
053071
053077
053177
053245
053268
053269
053276
053314
053344
053345
053394
053497
053521
053553
053565
053616
053622
053624
053632
053658
053722
053798
053895
053898
053899
053900
053946
053949
053969
053973
053989
054020
054065
054082
054090
054139
054146
054150
054157
054158
054159
054160
054162
054163
054169
054198
054201
054210
054219
054223
054233
054236
054238
054246
054260
054264
054265
054278
054281
054282
054294
054310
054313
054315
054316
054320
054329
054335
054374
054375
054426
054431
054434
054435
054441
054442
054444
054445
054451
054466
054474
054499
054500
054503
054505
054510
054521
054522
054523
054525
054526
054542
054556
054575
054586
054587
054588
054591
054592
054594
054595
054599
054613
054633
054641
054642
054645
054648
054654
054657
054658
054661
054666
054671
054673
054694
054697
054699
054708
054709
054717
054718
054721
054727
054745
054751
054764
054779
054781
054798
054807
054808
054809
054810
054812
054818
054819
054861
054869
054871
054918
054934
054940
054941
054942
054944
054948
054950
054951
054983
054987
054990
054994
055004
055005
055006
055009
055028
055035
055039
055043
055046
055047
055048
055052
055053
055055
055087
055090
055093
055094
055099
055102
055110
055121
055128
055138
055143
055144
055159
055160
055166
055174
055176
055178
055179
055186
055188
055191
055193
055195
055197
055201
055203
055204
055205
055206
055207
055208
055214
055216
055217
055224
055249
055251
055252
055253
055255
055257
055258
055259
055265
055266
055270
055276
055282
055283
055284
055285
055287
055288
055290
055297
055298
055299
055300
055301
055302
055303
055315
055319
055321
055325
055326
055327
055331
055332
055333
055334
055335
055336
055337
055338
055340
055341
055343
055346
055347
055351
055352
055353
055354
055355
055356
055359
055361
055363
055364
055366
055367
055372
055374
055375
055376
055377
055378
055379
055380
055381
055382
055385
055386
055387
055388
055389
055390
055391
055393
055394
055396
055397
055398
055399
055402
055404
055405
055407
055408
055409
055410
055411
055412
055413
055415
055416
055417
055418
055423
055424
055425
055426
055427
055428
055429
055432
055433
055434
055435
055436
055437
055438
055439
055440
055441
055443
055444
055445
055447
055455
055457
055458
055460
055461
055463
055464
055465
055466
055467
055468
055470
055471
055472
055473
055474
055475
055525
055528
055529
055531
055532
055533
055534
055535
055541
055542
055545
055549
055550
055551
055553
055557
055560
055561
055576
055593
055595
055598
055601
055602
055605
055606
055609
055615
055618
055620
055624
055626
055638
055641
055643
055644
055645
055648
055654
055655
055656
055658
055662
055666
055670
055674
055675
055681
055685
055686
055687
055688
055689
055690
055691
055692
055693
055694
055695
055696
055697
055698
055699
055700
055701
055702
055704
055706
055707
055718
055719
055720
055721
055722
055723
055725
055726
055727
055728
055729
055730
055733
055734
055735
055736
055737
055738
055739
055741
055743
055745
055746
055749
055750
055751
055755
055759
055760
055761
055762
055763
055764
055765
055771
055773
055777
055778
055780
055783
055786
055787
055788
055789
055791
055795
055799
055801
055804
055805
055806
055807
055812
055814
055822
055823
055824
055825
055826
055827
055828
055830
055831
055832
055834
055835
055837
055843
055844
055845
055848
055849
055850
055853
055854
055857
055860
055861
055862
055863
055864
055866
055867
055872
055873
055874
055875
055876
055877
055878
055879
055880
055881
055882
055883
055887
055891
055893
055900
055901
055903
055904
055905
055906
055909
055910
055912
055913
055914
055919
055920
055923
055924
055925
055926
055927
055929
055930
055931
055938
055939
055940
055941
055942
055945
055946
055947
055952
055953
055954
055955
055956
055957
055958
055960
055961
055968
055969
055970
055971
055972
055978
055980
055981
055982
055983
055984
055985
055986
055991
055993
055994
055997
055998
055999
056007
056008
056011
056012
056013
056014
056016
056020
056022
056025
056027
056029
056030
056034
056037
056042
056043
056045
056047
056048
056049
056050
056053
056054
056057
056059
056060
056068
056074
056075
056077
056078
056079
056080
056081
056082
056083
056084
056085
056086
056087
056089
056091
056092
056093
056094
056095
056097
056100
056101
056103
056106
056108
056109
056111
056112
056115
056121
056124
056126
056128
056129
056130
056131
056132
056134
056136
056139
056141
056142
056143
056148
056149
056150
056151
056152
056164
056173
056174
056175
056176
056177
056178
056179
056180
056186
056192
056193
056195
056196
056200
056202
056203
056204
056205
056206
056209
056210
056211
056213
056214
056219
056220
056221
056223
056224
056225
056226
056228
056231
056235
056236
056237
056238
056241
056243
056247
056258
056260
056261
056262
056263
056265
056267
056269
056270
056272
056273
056274
056277
056278
056281
056283
056284
056288
056290
056291
056296
056297
056298
056300
056301
056302
056315
056316
056318
056323
056324
056325
056326
056327
056328
056331
056334
056335
056337
056338
056339
056340
056341
056343
056344
056345
056346
056347
056348
056349
056350
056351
056352
056353
056354
056355
056356
056357
056358
056359
056360
056361
056362
056363
056364
056365
056366
056367
056368
056369
056370
056371
056372
056373
056374
056375
056376
056377
056378
056379
056380
056381
056382
056383
056384
056385
056386
056387
056388
056389
056390
056391
056392
056393
056394
056395
056396
056397
056398
056399
056400
056401
056402
056403
056404
056405
056406
056407
056408
056409
056410
056411
056412
056413
056414
056415
056416
056417
056418
056419
056420
056421
056422
056423
056424
056425
056426
056427
056428
056429
056430
056431
056432
056433
056434
056435
056436
056437
056438
056439
056440
056441
056442
056443
056444
056445
056446
056447
056448
056449
056450
056451
056452
056453
056454
056455
056456
056457
056458
056459
056460
056461
056462
056463
056464
056465
056466
056467
056468
056469
056470
056471
056472
056473
056474
056475
056476
056477
056478
056479
056480
056481
056482
056483
056484
056485
056486
056487
056488
056489
056490
056491
056492
056493
056494
056495
056496
056497
056498
056499
056500
056501
056502
056503
056504
056505
056506
056507
056508
056509
056510
056511
056512
056513
056514
056515
056516
056517
056518
056519
056520
056521
056522
056523
056524
056525
056526
056527
056528
056529
056530
056531
056532
056533
056534
056535
056536
056537
056538
056539
056540
056541
056542
056543
056544
056545
056546
056547
056548
056549
056550
056551
056552
056553
056554
056555
056556
056557
056558
056559
056560
056561
056562
056563
056564
056565
056566
056567
056568
056569
056570
056571
056572
056573
056574
056575
056576
056577
056578
056579
056580
056581
056582
056583
056584
056585
056586
056587
056588
056589
056590
056591
056592
056593
056594
056595
056596
056597
056598
056599
056600
056601
056602
056603
056604
056605
056606
056607
056608
056609
056610
056611
056612
056613
056614
056615
056616
056617
056618
056619
056620
056621
056622
056623
056624
056625
056626
056627
056628
056629
056630
056631
056632
056633
056634
056635
056636
056637
056638
056639
056640
056641
056642
056643
056644
056645
056646
056647
056648
056649
056650
056651
056652
056653
056654
056655
056656
056657
056658
056659
056660
056661
056662
056663
056664
056665
056666
056667
056668
056669
056670
056671
056672
056673
056674
056675
056676
056677
056678
056679
056680
056681
056682
056683
056684
056685
056686
056687
056688
056689
056690
056691
056692
056693
056694
056695
056696
056697
056698
056699
056700
056701
056702
056703
056704
056705
056706
056707
056708
056709
056710
056711
056712
056713
056714
056715
056716
056717
056718
056719
056720
056721
056722
056723
056724
056725
056726
056727
056728
056729
056730
056731
056732
056733
056734
056735
056736
056737
056738
056739
056740
056741
056742
056743
056744
056745
056746
056747
056748
056749
056750
056751
056752
056753
056754
056755
056756
056757
056758
056759
056760
056761
056762
056763
056764
056765
056766
056767
056768
056769
056770
056771
056772
056773
056774
056775
056776
056777
056778
056779
056780
056781
056782
056783
056784
056785
056786
056787
056788
056789
056790
056791
056792
056793
056794
056795
056796
056797
056798
056799
056800
056801
056802
056803
056804
056805
056806
056807
056808
056809
056810
056811
056812
056813
056814
056815
056816
056817
056818
056819
056820
056821
056822
056823
056824
056825
056826
056827
056828
056829
056830
056831
056832
056833
056834
056835
056836
056837
056838
056839
056840
056841
056842
056843
056844
056845
056846
056847
056848
056849
056850
056851
056852
056853
056854
056855
056856
056857
056858
056859
056860
056861
056862
056863
056864
056865
056866
056867
056868
056869
056870
056871
056872
056873
056874
056875
056876
056877
056878
056879
056880
056881
056882
056883
056884
056885
056886
056887
056888
056889
056890
056891
056892
056893
056894
056895
056896
056897
056898
056899
056900
056901
056902
056903
056904
056905
056906
056907
056908
056909
056910
056911
056912
056913
056914
056915
056916
056917
056918
056919
056920
056921
056922
056923
056924
056925
056926
056927
056928
056929
056930
056931
056932
056933
056934
056935
056936
056937
056938
056939
056940
056941
056942
056943
056944
056945
056946
056947
056948
056949
056950
056951
056952
056953
056954
056955
056956
056957
056958
056959
056960
056961
056962
056963
056964
056965
056966
056967
056968
056969
056970
056971
056972
056973
056974
056975
056976
056977
056978
056979
056980
056981
056982
056983
056984
056985
056986
056987
056988
056989
056990
056991
056992
056993
056994
056995
056996
056997
056998
056999
057000
057001
057002
057003
057004
057005
057006
057007
057008
057009
057010
057011
057012
057013
057014
057015
057016
057017
057018
057019
057020
057021
057022
057023
057024
057025
057026
057027
057028
057029
057030
057031
057032
057033
057034
057035
057036
057037
057038
057039
057040
057041
057042
057043
057044
057045
057046
057047
057048
057049
057050
057051
057052
057053
057054
057055
057056
057057
057058
057059
057060
057061
057062
057063
057064
057065
057066
057067
057068
057069
057070
057071
057072
057073
057074
057075
057076
057077
057078
057079
057080
057081
057082
057083
057084
057085
057086
057087
057088
057089
057090
057091
057092
057093
057094
057095
057096
057097
057098
057099
057100
057101
057102
057103
057104
057105
057106
057107
057108
057109
057110
057111
057112
057113
057114
057115
057116
057117
057118
057119
057120
057121
057122
057123
057124
057125
057126
057127
057128
057129
057130
057131
057132
057133
057134
057135
057136
057137
057138
057139
057140
057141
057142
057143
057144
057145
057146
057147
057148
057149
057150
057151
057152
057153
057154
057155
057156
057157
057158
057159
057160
057161
057162
057163
057164
057165
057166
057167
057168
057169
057170
057171
057172
057173
057174
057175
057176
057177
057178
057179
057180
057181
057182
057183
057184
057185
057186
057187
057188
057189
057190
057191
057192
057193
057194
057195
057196
057197
057198
057199
057200
057201
057202
057203
057204
057205
057206
057207
057208
057209
057210
057211
057212
057213
057214
057215
057216
057217
057218
057219
057220
057221
057222
057223
057224
057225
057226
057227
057228
057229
057230
057231
057232
057233
057234
057235
057236
057237
057238
057239
057240
057241
057242
057243
057244
057245
057246
057247
057248
057249
057250
057251
057252
057253
057254
057255
057256
057257
057258
057259
057260
057261
057262
057263
057264
057265
057266
057267
057268
057269
057270
057271
057272
057273
057274
057275
057276
057277
057278
057279
057280
057281
057282
057283
057284
057285
057286
057287
057288
057289
057290
057291
057292
057293
057294
057295
057296
057297
057298
057299
057300
057301
057302
057303
057304
057305
057306
057307
057308
057309
057310
057311
057312
057313
057314
057315
057316
057317
057318
057319
057320
057321
057322
057323
057324
057325
057326
057327
057328
057329
057330
057331
057332
057333
057334
057335
057336
057337
057338
057339
057340
057341
057342
057343
057344
057345
057346
057347
057348
057349
057350
057351
057352
057353
057354
057355
057356
057357
057358
057359
057360
057361
057362
057363
057364
057365
057366
057367
057368
057369
057370
057371
057372
057373
057374
057375
057376
057377
057378
057379
057380
057381
057382
057383
057384
057385
057386
057387
057388
057389
057390
057391
057392
057393
057394
057395
057396
057397
057398
057399
057400
057401
057402
057403
057404
057405
057406
057407
057408
057409
057410
057411
057412
057413
057414
057415
057416
057417
057418
057419
057420
057421
057422
057423
057424
057425
057426
057427
057428
057429
057430
057431
057432
057433
057434
057435
057436
057437
057438
057439
057440
057441
057442
057443
057444
057445
057446
057447
057448
057449
057450
057451
057452
057453
057454
057455
057456
057457
057458
057459
057460
057461
057462
057463
057464
057465
057466
057467
057468
057469
057470
057471
057472
057473
057474
057475
057476
057477
057478
057479
05747P
057480
057481
057482
057483
057484
057485
057486
057487
057488
057489
057490
057491
057492
057493
057494
057495
057496
057497
057498
057499
057500
057501
057502
057503
057504
057505
057506
057507
057508
057509
057510
057511
057512
057513
057514
057515
057516
057517
057518
057519
057520
057521
057522
057523
057524
057525
057526
057527
057528
057529
057530
057531
057532
057533
057534
057535
057536
057537
057538
057539
057540
057541
057542
057543
057544
057545
057546
057547
057548
057549
057550
057551
057552
057553
057554
057555
057556
057557
057558
057559
057560
057561
057562
057563
057564
057565
057566
057567
057568
057569
057570
057571
057572
057573
057574
057575
057576
057577
057578
057579
057580
057581
057582
057583
057584
057585
057586
057587
057588
057589
057590
057591
057592
057593
057594
057595
057596
057597
057598
057599
057600
057601
057602
057603
057604
057605
057606
057607
057608
057609
057610
057611
057612
057613
057614
057615
057616
057617
057618
057619
057620
057621
057622
057623
057624
057625
057626
057627
057628
057629
057630
057631
057632
057633
057634
057635
057636
057637
057638
057639
057640
057641
057642
057643
057644
057645
057646
057647
057648
057649
057650
057651
057652
057653
057654
057655
057656
057657
057658
057659
057660
057661
057662
057663
057664
057665
057666
057667
057668
057669
057670
057671
057672
057673
057674
057675
057676
057677
057678
057679
057680
057681
057682
057683
057684
057685
057686
057687
057688
057689
057690
057691
057692
057693
057694
057695
057696
057697
057698
057699
057700
057701
057702
057703
057704
057705
057706
057707
057708
057709
057710
057711
057712
057713
057714
057715
057716
057717
057718
057719
057720
057721
057722
057723
057724
057725
057726
057727
057728
057729
057730
057731
057732
057733
057734
057735
057736
057737
057738
057739
057740
057741
057742
057743
057744
057745
057746
057747
057748
057749
057750
057751
057752
057753
057754
057755
057756
057757
057758
057759
057760
057761
057762
057763
057764
057765
057766
057767
057768
057769
057770
057771
057772
057773
057774
057775
057776
057777
057778
057779
057780
057781
057782
057783
057784
057785
057786
057787
057788
057789
057790
057791
057792
057793
057794
057795
057796
057797
057798
057799
057800
057801
057802
057803
057804
057805
057806
057807
057808
057809
057810
057811
057812
057813
057814
057815
057816
057817
057818
057819
057820
057821
057822
057823
057824
057825
057826
057827
057828
057829
057830
057831
057832
057833
057834
057835
057836
057837
057838
057839
057840
057841
057842
057843
057844
057845
057846
057847
057848
057849
057850
057851
057852
057853
057854
057855
057856
057857
057858
057859
057860
057861
057862
057863
057864
057865
057866
057867
057868
057869
057870
057871
057872
057873
057874
057875
057876
057877
057878
057879
057880
057881
057882
057883
057884
057885
057886
057887
057888
057889
057890
057891
057892
057893
057894
057895
057896
057897
057898
057899
057900
057901
057902
057903
057904
057905
057906
057907
057908
057909
057910
057911
057912
057913
057914
057915
057916
057917
057918
057919
057920
057921
057922
057923
057924
057925
057926
057927
057928
057929
057930
057931
057932
057933
057934
057935
057936
057937
057938
057939
057940
057941
057942
057943
057944
057945
057946
057947
057948
057949
057950
057951
057952
057953
057954
057955
057956
057957
057958
057959
057960
057961
057962
057963
057964
057965
057966
057967
057968
057969
057970
057971
057972
057973
057974
057975
057976
057977
057978
057979
057980
057981
057982
057983
057984
057985
057986
057987
057988
057989
057990
057991
057992
057993
057994
057995
057996
057997
057998
057999
058000
058001
058002
058003
058004
058005
058006
058007
058008
058009
058010
058011
058012
058013
058014
058015
058016
058017
058018
058019
058020
058021
058022
058023
058024
058025
058026
058027
058028
058029
058030
058031
058032
058033
058034
058035
058036
058037
058038
058039
058040
058041
058042
058043
058044
058045
058046
058047
058048
058049
058050
058051
058052
058053
058054
058055
058056
058057
058058
058059
058060
058061
058062
058063
058064
058065
058066
058067
058068
058069
058070
058071
058072
058073
058074
058075
058076
058077
058078
058079
058080
058081
058082
058083
058084
058085
058086
058087
058088
058089
058090
058091
058092
058093
058094
058095
058096
058097
058098
058099
058100
058101
058102
058103
058104
058105
058106
058107
058108
058109
058110
058111
058112
058113
058114
058115
058116
058117
058118
058119
058120
058121
058122
058123
058124
058125
058126
058127
058128
058129
058130
058131
058132
058133
058134
058135
058136
058137
058138
058139
058140
058141
058142
058143
058144
058145
058146
058147
058148
058149
058150
058151
058152
058153
058154
058155
058156
058157
058158
058159
058160
058161
058162
058163
058164
058165
058166
058167
058168
058169
058170
058171
058172
058173
058174
058175
058176
058177
058178
058179
058180
058181
058182
058183
058184
058185
058186
058187
058188
058189
058190
058191
058192
058193
058194
058195
058196
058197
058198
058199
058200
058201
058202
058203
058204
058205
058206
058207
058208
058209
058210
058211
058212
058213
058214
058215
058216
058217
058218
058219
058220
058221
058222
058223
058224
058225
058226
058227
058228
058229
058230
058231
058232
058233
058234
058235
058236
058237
058238
058239
058240
058241
058242
058243
058244
058245
058246
058247
058248
058249
058250
058251
058252
058253
058254
058255
058256
058257
058258
058259
058260
058261
058262
058263
058264
058265
058266
058267
058268
058269
058270
058271
058272
058273
058274
058275
058276
058277
058278
058279
058280
058281
058282
058283
058284
058285
058286
058287
058288
058289
058290
058291
058292
058293
058294
058295
058296
058297
058298
058299
058300
058301
058302
058303
058304
058305
058306
058307
058308
058309
058310
058311
058312
058313
058314
058315
058316
058317
058318
058319
058320
058321
058322
058323
058324
058325
058326
058327
058328
058329
058330
058331
058332
058333
058334
058335
058336
058337
058338
058339
058340
058341
058342
058343
058344
058345
058346
058347
058348
058349
058350
058351
058352
058353
058354
058355
058356
058357
058358
058359
058360
058361
058362
058363
058364
058365
058366
058367
058368
058369
058370
058371
058372
058373
058374
058375
058376
058377
058378
058379
058380
058381
058382
058383
058384
058385
058386
058387
058388
058389
058390
058391
058392
058393
058394
058395
058396
058397
058398
058399
058400
058401
058402
058403
058404
058405
058406
058407
058408
058409
058410
058411
058412
058413
058414
058415
058416
058417
058418
058419
058420
058421
058422
058423
058424
058425
058426
058427
058428
058429
058430
058431
058432
058433
058434
058435
058436
058437
058438
058439
058440
058441
058442
058443
058444
058445
058446
058447
058448
058449
058450
058451
058452
058453
058454
058455
058456
058457
058458
058459
058460
058461
058462
058463
058464
058465
058466
058467
058468
058469
058470
058471
058472
058473
058474
058475
058476
058477
058478
058479
058480
058481
058482
058483
058484
058485
058486
058487
058488
058489
058490
058491
058492
058493
058494
058495
058496
058497
058498
058499
058500
058501
058502
058503
058504
058505
058506
058507
058508
058509
058510
058511
058512
058513
058514
058515
058516
058517
058518
058519
058520
058521
058522
058523
058524
058525
058526
058527
058528
058529
058530
058531
058532
058533
058534
058535
058536
058537
058538
058539
058540
058541
058542
058543
058544
058545
058546
058547
058548
058549
058550
058551
058552
058553
058554
058555
058556
058557
058558
058559
058560
058561
058562
058563
058564
058565
058566
058567
058568
058569
058570
058571
058572
058573
058574
058575
058576
058577
058578
058579
058580
058581
058582
058583
058584
058585
058586
058587
058588
058589
058590
058591
058592
058593
058594
058595
058596
058597
058598
058599
058600
058601
058602
058603
058604
058605
058606
058607
058608
058609
058610
058611
058612
058613
058614
058615
058616
058617
058618
058619
058620
058621
058622
058623
058624
058625
058626
058627
058628
058629
058630
058631
058632
058633
058634
058635
058636
058637
058638
058639
058640
058641
058642
058643
058644
058645
058646
058647
058648
058649
058650
058651
058652
058653
058654
058655
058656
058657
058658
058659
058660
058661
058662
058663
058664
058665
058666
058667
058668
058669
058670
058671
058672
058673
058674
058675
058676
058677
058678
058679
058680
058681
058682
058683
058684
058685
058686
058687
058688
058689
058690
058691
058692
058693
058694
058695
058696
058697
058698
058699
058700
058701
058702
058703
058704
058705
058706
058707
058708
058709
058710
058711
058712
058713
058714
058715
058716
058717
058718
058719
058720
058721
058722
058723
058724
058725
058726
058727
058728
058729
058730
058731
058732
058733
058734
058735
058736
058737
058738
058739
058740
058741
058742
058743
058744
058745
058746
058747
058748
058749
058750
058751
058752
058753
058754
058755
058756
058757
058758
058759
058760
058761
058762
058763
058764
058765
058766
058767
058768
058769
058770
058771
058772
058773
058774
058775
058776
058777
058778
058779
058780
058781
058782
058783
058784
058785
058786
058787
058788
058789
058790
058791
058792
058793
058794
058795
058796
058797
058798
058799
058800
058801
058802
058803
058804
058805
058806
058807
058808
058809
058810
058811
058812
058813
058814
058815
058816
058817
058818
058819
058820
058821
058822
058823
058824
058825
058826
058827
058828
058829
058830
058831
058832
058833
058834
058835
058836
058837
058838
058839
058840
058841
058842
058843
058844
058845
058846
058847
058848
058849
058850
058851
058852
058853
058854
058855
058856
058857
058858
058859
058860
058861
058862
058863
058864
058865
058866
058867
058868
058869
058870
058871
058872
058873
058874
058875
058876
058877
058878
058879
058880
058881
058882
058883
058884
058885
058886
058887
058888
058889
058890
058891
058892
058893
058894
058895
058896
058897
058898
058899
058900
058901
058902
058903
058904
058905
058906
058907
058908
058909
058910
058911
058912
058913
058914
058915
058916
058917
058918
058919
058920
058921
058922
058923
058924
058925
058926
058927
058928
058929
058930
058931
058932
058933
058934
058935
058936
058937
058938
058939
058940
058941
058942
058943
058944
058945
058946
058947
058948
058949
058950
058951
058952
058953
058954
058955
058956
058957
058958
058959
058960
058961
058962
058963
058964
058965
058966
058967
058968
058969
058970
058971
058972
058973
058974
058975
058976
058977
058978
058979
058980
058981
058982
058983
058984
058985
058986
058987
058988
058989
058990
058991
058992
058993
058994
058995
058996
058997
058998
058999
059000
059001
059002
059003
059004
059005
059006
059007
059008
059009
059010
059011
059012
059013
059014
059015
059016
059017
059018
059019
059020
059021
059022
059023
059024
059025
059026
059027
059028
059029
059030
059031
059032
059033
059034
059035
059036
059037
059038
059039
059040
059041
059042
059043
059044
059045
059046
059047
059048
059049
059050
059051
059052
059053
059054
059055
059056
059057
059058
059059
059060
059061
059062
059063
059064
059065
059066
059067
059068
059069
059070
059071
059072
059073
059074
059075
059076
059077
059078
059079
059080
059081
059082
059083
059084
059085
059086
059087
059088
059089
059090
059091
059092
059093
059094
059095
059096
059097
059098
059099
059100
059101
059102
059103
059104
059105
059106
059107
059108
059109
059110
059111
059112
059113
059114
059115
059116
059117
059118
059119
059120
059121
059122
059123
059124
059125
059126
059127
059128
059129
059130
059131
059132
059133
059134
059135
059136
059137
059138
059139
059140
059141
059142
059143
059144
059145
059146
059147
059148
059149
059150
059151
059152
059153
059154
059155
059156
059157
059158
059159
059160
059161
059162
059163
059164
059165
059166
059167
059168
059169
059170
059171
059172
059173
059174
059175
059176
059177
059178
059179
059180
059181
059182
059183
059184
059185
059186
059187
059188
059189
059190
059191
059192
059193
059194
059195
059196
059197
059198
059199
059200
059201
059202
059203
059204
059205
059206
059207
059208
059209
059210
059211
059212
059213
059214
059215
059216
059217
059218
059219
059220
059221
059222
059223
059224
059225
059226
059227
059228
059229
059230
059231
059232
059233
059234
059235
059236
059237
059238
059239
059240
059241
059242
059243
059244
059245
059246
059247
059248
059249
059250
059251
059252
059253
059254
059255
059256
059257
059258
059259
059260
059261
059262
059263
059264
059265
059266
059267
059268
059269
059270
059271
059272
059273
059274
059275
059276
059277
059278
059279
059280
059281
059282
059283
059284
059285
059286
059287
059288
059289
059290
059291
059292
059293
059294
059295
059296
059297
059298
059299
059300
059301
059302
059303
059304
059305
059306
059307
059308
059309
059310
059311
059312
059313
059314
059315
059316
059317
059318
059319
059320
059321
059322
059323
059324
059325
059326
059327
059328
059329
059330
059331
059332
059333
059334
059335
059336
059337
059338
059339
059340
059341
059342
059343
059344
059345
059346
059347
059348
059349
059350
059351
059352
059353
059354
059355
059356
059357
059358
059359
059360
059361
059362
059363
059364
059365
059366
059367
059368
059369
059370
059371
059372
059373
059374
059375
059376
059377
059378
059379
059380
059381
059382
059383
059384
059385
059386
059387
059388
059389
059390
059391
059392
059393
059394
059395
059396
059397
059398
059399
059400
059401
059402
059403
059404
059405
059406
059407
059408
059409
059410
059411
059412
059413
059414
059415
059416
059417
059418
059419
059420
059421
059422
059423
059424
059425
059426
059427
059428
059429
059430
059431
059432
059433
059434
059435
059436
059437
059438
059439
059440
059441
059442
059443
059444
059445
059446
059447
059448
059449
059450
059451
059452
059453
059454
059455
059456
059457
059458
059459
059460
059461
059462
059463
059464
059465
059466
059467
059468
059469
059470
059471
059472
059473
059474
059475
059476
059477
059478
059479
059480
059481
059482
059483
059484
059485
059486
059487
059488
059489
059490
059491
059492
059493
059494
059495
059496
059497
059498
059499
059500
059501
059502
059503
059504
059505
059506
059507
059508
059509
059510
059511
059512
059513
059514
059515
059516
059517
059518
059519
059520
059521
059522
059523
059524
059525
059526
059527
059528
059529
059530
059531
059532
059533
059534
059535
059536
059537
059538
059539
059540
059541
059542
059543
059544
059545
059546
059547
059548
059549
059550
059551
059552
059553
059554
059555
059556
059557
059558
059559
059560
059561
059562
059563
059564
059565
059566
059567
059568
059569
059570
059571
059572
059573
059574
059575
059576
059577
059578
059579
059580
059581
059582
059583
059584
059585
059586
059587
059588
059589
059590
059591
059592
059593
059594
059595
059596
059597
059598
059599
059600
059601
059602
059603
059604
059605
059606
059607
059608
059609
059610
059611
059612
059613
059614
059615
059616
059617
059618
059619
059620
059621
059622
059623
059624
059625
059626
059627
059628
059629
059630
059631
059632
059633
059634
059635
059636
059637
059638
059639
059640
059641
059642
059643
059644
059645
059646
059647
059648
059649
059650
059651
059652
059653
059654
059655
059656
059657
059658
059659
059660
059661
059662
059663
059664
059665
059666
059667
059668
059669
059670
059671
059672
059673
059674
059675
059676
059677
059678
059679
059680
059681
059682
059683
059684
059685
059686
059687
059688
059689
059690
059691
059692
059693
059694
059695
059696
059697
059698
059699
059700
059701
059702
059703
059704
059705
059706
059707
059708
059709
059710
059711
059712
059713
059714
059715
059716
059717
059718
059719
059720
059721
059722
059723
059724
059725
059726
059727
059728
059729
059730
059731
059732
059733
059734
059735
059736
059737
059738
059739
059740
059741
059742
059743
059744
059745
059746
059747
059748
059749
059750
059751
059752
059753
059754
059755
059756
059757
059758
059759
059760
059761
059762
059763
059764
059765
059766
059767
059768
059769
059770
059771
059772
059773
059774
059775
059776
059777
059778
059779
059780
059781
059782
059783
059784
059785
059786
059787
059788
059789
059790
059791
059792
059793
059794
059795
059796
059797
059798
059799
059800
059801
059802
059803
059804
059805
059806
059807
059808
059809
059810
059811
059812
059813
059814
059815
059816
059817
059818
059819
059820
059821
059822
059823
059824
059825
059826
059827
059828
059829
059830
059831
059832
059833
059834
059835
059836
059837
059838
059839
059840
059841
059842
059843
059844
059845
059846
059847
059848
059849
059850
059851
059852
059853
059854
059855
059856
059857
059858
059859
059860
059861
059862
059863
059864
059865
059866
059867
059868
059869
059870
059871
059872
059873
059874
059875
059876
059877
059878
059879
059880
059881
059882
059883
059884
059885
059886
059887
059888
059889
059890
059891
059892
059893
059894
059895
059896
059897
059898
059899
059900
059901
059902
059903
059904
059905
059906
059907
059908
059909
059910
059911
059912
059913
059914
059915
059916
059917
059918
059919
059920
059921
059922
059923
059924
059925
059926
059927
059928
059929
059930
059931
059932
059933
059934
059935
059936
059937
059938
059939
059940
059941
059942
059943
059944
059945
059946
059947
059948
059949
059950
059951
059952
059953
059954
059955
059956
059957
059958
059959
059960
059961
059962
059963
059964
059965
059966
059967
059968
059969
059970
059971
059972
059973
059974
059975
059976
059977
059978
059979
059980
059981
059982
059983
059984
059985
059986
059987
059988
059989
059990
059991
059992
059993
059994
059995
059996
059997
059998
059999
060000
060001
060002
060003
060004
060005
060006
060007
060008
060009
060010
060011
060012
060013
060014
060015
060016
060017
060018
060019
060020
060021
060022
060023
060024
060025
060026
060027
060028
060029
060030
060031
060032
060033
060034
060035
060036
060037
060038
060039
060040
060041
060042
060043
060044
060045
060046
060047
060048
060049
060050
060051
060052
060053
060054
060055
060056
060057
060058
060059
060060
060061
060062
060063
060064
060065
060066
060067
060068
060069
060070
060071
060072
060073
060074
060075
060076
060077
060078
060079
060080
060081
060082
060083
060084
060085
060086
060087
060088
060089
060090
060091
060092
060093
060094
060095
060096
060097
060098
060099
060100
060101
060102
060103
060104
060105
060106
060107
060108
060109
060110
060111
060112
060113
060114
060115
060116
060117
060118
060119
060120
060121
060122
060123
060124
060125
060126
060127
060128
060129
060130
060131
060132
060133
060134
060135
060136
060137
060138
060139
060140
060141
060142
060143
060144
060145
060146
060147
060148
060149
060150
060151
060152
060153
060154
060155
060156
060157
060158
060159
060160
060161
060162
060163
060164
060165
060166
060167
060168
060169
060170
060171
060172
060173
060174
060175
060176
060177
060178
060179
060180
060181
060182
060183
060184
060185
060186
060187
060188
060189
060190
060191
060192
060193
060194
060195
060196
060197
060198
060199
060200
060201
060202
060203
060204
060205
060206
060207
060208
060209
060210
060211
060212
060213
060214
060215
060216
060217
060218
060219
060220
060221
060222
060223
060224
060225
060226
060227
060228
060229
060230
060231
060232
060233
060234
060235
060236
060237
060238
060239
060240
060241
060242
060243
060244
060245
060246
060247
060248
060249
060250
060251
060252
060253
060254
060255
060256
060257
060258
060259
060260
060261
060262
060263
060264
060265
060266
060267
060268
060269
060270
060271
060272
060273
060274
060275
060276
060277
060278
060279
060280
060281
060282
060283
060284
060285
060286
060287
060288
060289
060290
060291
060292
060293
060294
060295
060296
060297
060298
060299
060300
060301
060302
060303
060304
060305
060306
060307
060308
060309
060310
060311
060312
060313
060314
060315
060316
060317
060318
060319
060320
060321
060322
060323
060324
060325
060326
060327
060328
060329
060330
060331
060332
060333
060334
060335
060336
060337
060338
060339
060340
060341
060342
060343
060344
060345
060346
060347
060348
060349
060350
060351
060352
060353
060354
060355
060356
060357
060358
060359
060360
060361
060362
060363
060364
060365
060366
060367
060368
060369
060370
060371
060372
060373
060374
060375
060376
060377
060378
060379
060380
060381
060382
060383
060384
060385
060386
060387
060388
060389
060390
060391
060392
060393
060394
060395
060396
060397
060398
060399
060400
060401
060402
060403
060404
060405
060406
060407
060408
060409
060410
060411
060412
060413
060414
060415
060416
060417
060418
060419
060420
060421
060422
060423
060424
060425
060426
060427
060428
060429
060430
060431
060432
060433
060434
060435
060436
060437
060438
060439
060440
060441
060442
060443
060444
060445
060446
060447
060448
060449
060450
060451
060452
060453
060454
060455
060456
060457
060458
060459
060460
060461
060462
060463
060464
060465
060466
060467
060468
060469
060470
060471
060472
060473
060474
060475
060476
060477
060478
060479
060480
060481
060482
060483
060484
060485
060486
060487
060488
060489
060490
060491
060492
060493
060494
060495
060496
060497
060498
060499
060500
060501
060502
060503
060504
060505
060506
060507
060508
060509
060510
060511
060512
060513
060514
060515
060516
060517
060518
060519
060520
060521
060522
060523
060524
060525
060526
060527
060528
060529
060530
060531
060532
060533
060534
060535
060536
060537
060538
060539
060540
060541
060542
060543
060544
060545
060546
060547
060548
060549
060550
060551
060552
060553
060554
060555
060556
060557
060558
060559
060560
060561
060562
060563
060564
060565
060566
060567
060568
060569
060570
060571
060572
060573
060574
060575
060576
060577
060578
060579
060580
060581
060582
060583
060584
060585
060586
060587
060588
060589
060590
060591
060592
060593
060594
060595
060596
060597
060598
060599
060600
060601
060602
060603
060604
060605
060606
060607
060608
060609
060610
060611
060612
060613
060614
060615
060616
060617
060618
060619
060620
060621
060622
060623
060624
060625
060626
060627
060628
060629
060630
060631
060632
060633
060634
060635
060636
060637
060638
060639
060640
060641
060642
060643
060644
060645
060646
060647
060648
060649
060650
060651
060652
060653
060654
060655
060656
060657
060658
060659
060660
060661
060662
060663
060664
060665
060666
060667
060668
060669
060670
060671
060672
060673
060674
060675
060676
060677
060678
060679
060680
060681
060682
060683
060684
060685
060686
060687
060688
060689
060690
060691
060692
060693
060694
060695
060696
060697
060698
060699
060700
060701
060702
060703
060704
060705
060706
060707
060708
060709
060710
060711
060712
060713
060714
060715
060716
060717
060718
060719
060720
060721
060722
060723
060724
060725
060726
060727
060728
060729
060730
060731
060732
060733
060734
060735
060736
060737
060738
060739
060740
060741
060742
060743
060744
060745
060746
060747
060748
060749
060750
060751
060752
060753
060754
060755
060756
060757
060758
060759
060760
060761
060762
060763
060764
060765
060766
060767
060768
060769
060770
060771
060772
060773
060774
060775
060776
060777
060778
060779
060780
060781
060782
060783
060784
060785
060786
060787
060788
060789
060790
060791
060792
060793
060794
060795
060796
060797
060798
060799
060800
060801
060802
060803
060804
060805
060806
060807
060808
060809
060810
060811
060812
060813
060814
060815
060816
060817
060818
060819
060820
060821
060822
060823
060824
060825
060826
060827
060828
060829
060830
060831
060832
060833
060834
060835
060836
060837
060838
060839
060840
060841
060842
060843
060844
060845
060846
060847
060848
060849
060850
060851
060852
060853
060854
060855
060856
060857
060858
060859
060860
060861
060862
060863
060864
060865
060866
060867
060868
060869
060870
060871
060872
060873
060874
060875
060876
060877
060878
060879
060880
060881
060882
060883
060884
060885
060886
060887
060888
060889
060890
060891
060892
060893
060894
060895
060896
060897
060898
060899
060900
060901
060902
060903
060904
060905
060906
060907
060908
060909
060910
060911
060912
060913
060914
060915
060916
060917
060918
060919
060920
060921
060922
060923
060924
060925
060926
060927
060928
060929
060930
060931
060932
060933
060934
060935
060936
060937
060938
060939
060940
060941
060942
060943
060944
060945
060946
060947
060948
060949
060950
060951
060952
060953
060954
060955
060956
060957
060958
060959
060960
060961
060962
060963
060964
060965
060966
060967
060968
060969
060970
060971
060972
060973
060974
060975
060976
060977
060978
060979
060980
060981
060982
060983
060984
060985
060986
060987
060988
060989
060990
060991
060992
060993
060994
060995
060996
060997
060998
060999
061000
061001
061002
061003
061004
061005
061006
061007
061008
061009
061010
061011
061012
061013
061014
061015
061016
061017
061018
061019
061020
061021
061022
061023
061024
061025
061026
061027
061028
061029
061030
061031
061032
061033
061034
061035
061036
061037
061038
061039
061040
061041
061042
061043
061044
061045
061046
061047
061048
061049
061050
061051
061052
061053
061054
061055
061056
061057
061058
061059
061060
061061
061062
061063
061064
061065
061066
061067
061068
061069
061070
061071
061072
061073
061074
061075
061076
061077
061078
061079
061080
061081
061082
061083
061084
061085
061086
061087
061088
061089
061090
061091
061092
061093
061094
061095
061096
061097
061098
061099
061100
061101
061102
061103
061104
061105
061106
061107
061108
061109
06110P
061110
061111
061112
061113
061114
061115
061116
061117
061118
061119
061120
061121
061122
061123
061124
061125
061126
061127
061128
061129
061130
061131
061132
061133
061134
061135
061136
061137
061138
061139
061140
061141
061142
061143
061144
061145
061146
061147
061148
061149
061150
061151
061152
061153
061154
061155
061156
061157
061158
061159
061160
061161
061162
061163
061164
061165
061166
061167
061168
061169
061170
061171
061172
061173
061174
061175
061176
061177
061178
061179
061180
061181
061182
061183
061184
061185
061186
061187
061188
061189
061190
061191
061192
061193
061194
061195
061196
061197
061198
061199
061200
061201
061202
061203
061204
061205
061206
061207
061208
061209
061210
061211
061212
061213
061214
061215
061216
061217
061218
061219
061220
061221
061222
061223
061224
061225
061226
061227
061228
061229
061230
061231
061232
061233
061234
061235
061236
061237
061238
061239
061240
061241
061242
061243
061244
061245
061246
061247
061248
061249
061250
061251
061252
061253
061254
061255
061256
061257
061258
061259
061260
061261
061262
061263
061264
061265
061266
061267
061268
061269
061270
061271
061272
061273
061274
061275
061276
061277
061278
061279
061280
061281
061282
061283
061284
061285
061286
061287
061288
061289
061290
061291
061292
061293
061294
061295
061296
061297
061298
061299
061300
061301
061302
061303
061304
061305
061306
061307
061308
